target_sum = -0.62348980185873353;